{
 "cells": [
  {
   "cell_type": "code",
   "execution_count": 1132,
   "id": "a91a7789-97ba-45f6-b13b-b94c253877fb",
   "metadata": {},
   "outputs": [
    {
     "name": "stdout",
     "output_type": "stream",
     "text": [
      "2.0.0\n",
      "2.0.0\n"
     ]
    }
   ],
   "source": [
    "import sys\n",
    "import numpy as np\n",
    "import math\n",
    "import time\n",
    "\n",
    "import pickle\n",
    "\n",
    "from tqdm import tqdm\n",
    "\n",
    "import flory\n",
    "\n",
    "sys.path.append('../..')\n",
    "print(np.__version__)\n",
    "\n",
    "\n",
    "import matplotlib.pyplot as plt\n",
    "import mpltern\n",
    "#import matplotlib as mpl\n",
    "import matplotlib as mpl\n",
    "\n",
    "from mpltern.datasets import get_shanon_entropies\n",
    "\n",
    "import importlib\n",
    "\n",
    "from scipy import cluster, spatial\n",
    "\n",
    "from scipy.optimize import minimize\n",
    "from scipy.optimize import basinhopping\n",
    "from scipy.optimize import differential_evolution\n",
    "\n",
    "#sys.path.append('/Users/calvinsmith/dufresne_lab/lab_work/llps_classification')\n",
    "import flory_generate as gen\n",
    "import flory_plots as plots\n",
    "import flory_classifier\n",
    "\n",
    "\n",
    "importlib.reload(gen)\n",
    "importlib.reload(plots)\n",
    "importlib.reload(flory_classifier)\n",
    "\n",
    "from flory_classifier import FloryClassifier\n",
    "\n"
   ]
  },
  {
   "cell_type": "code",
   "execution_count": null,
   "id": "d5cc72f4-332b-4cf3-a1e2-bad315bbdb05",
   "metadata": {},
   "outputs": [],
   "source": []
  },
  {
   "cell_type": "code",
   "execution_count": 1133,
   "id": "12b0b217-d136-4afb-b17a-3e1f73df4af3",
   "metadata": {},
   "outputs": [
    {
     "data": {
      "text/plain": [
       "<flory_classifier.FloryClassifier at 0x142c12600>"
      ]
     },
     "execution_count": 1133,
     "metadata": {},
     "output_type": "execute_result"
    }
   ],
   "source": [
    "ps  = t_f.test_phase_space()\n",
    "ps.flory_obj "
   ]
  },
  {
   "cell_type": "code",
   "execution_count": null,
   "id": "141efbae-5818-412c-bbc3-ef8343f293f2",
   "metadata": {},
   "outputs": [],
   "source": []
  },
  {
   "cell_type": "code",
   "execution_count": null,
   "id": "045e3080-55c1-4e4a-a3ba-b6b75890fbe9",
   "metadata": {},
   "outputs": [],
   "source": []
  },
  {
   "cell_type": "code",
   "execution_count": 1134,
   "id": "c332022d-966f-4d76-aed6-e69895739204",
   "metadata": {},
   "outputs": [
    {
     "name": "stdout",
     "output_type": "stream",
     "text": [
      "Reset CHI_MATRIX: \n",
      " [[0.         5.27377397 5.36878021 5.37750432 5.4286501  6.65833216\n",
      "  0.        ]\n",
      " [5.27377397 0.         5.41371145 4.43561374 6.50288141 5.95421977\n",
      "  0.        ]\n",
      " [5.36878021 5.41371145 0.         5.16136387 4.07484748 3.5966279\n",
      "  0.        ]\n",
      " [5.37750432 4.43561374 5.16136387 0.         3.39269325 7.44990691\n",
      "  0.        ]\n",
      " [5.4286501  6.50288141 4.07484748 3.39269325 0.         3.22455615\n",
      "  0.        ]\n",
      " [6.65833216 5.95421977 3.5966279  7.44990691 3.22455615 0.\n",
      "  0.        ]\n",
      " [0.         0.         0.         0.         0.         0.\n",
      "  0.        ]]\n",
      "num_comps: 7 \n",
      "H_DIM: 2\n",
      "Phi_out_vector: [0.06, 0.06]\n",
      "Phi_in_comps: 2\n",
      "Phi_in_range: [0.02, 0.2]\n",
      "num_of_points: 6\n",
      "CHI_STRENGTH: 5 \n",
      " CHI_MATRIX: \n",
      " [[0.         5.27377397 5.36878021 5.37750432 5.4286501  6.65833216\n",
      "  0.        ]\n",
      " [5.27377397 0.         5.41371145 4.43561374 6.50288141 5.95421977\n",
      "  0.        ]\n",
      " [5.36878021 5.41371145 0.         5.16136387 4.07484748 3.5966279\n",
      "  0.        ]\n",
      " [5.37750432 4.43561374 5.16136387 0.         3.39269325 7.44990691\n",
      "  0.        ]\n",
      " [5.4286501  6.50288141 4.07484748 3.39269325 0.         3.22455615\n",
      "  0.        ]\n",
      " [6.65833216 5.95421977 3.5966279  7.44990691 3.22455615 0.\n",
      "  0.        ]\n",
      " [0.         0.         0.         0.         0.         0.\n",
      "  0.        ]]\n",
      "REMAINING SOLVENT: 0.48\n",
      "H component 0.24\n"
     ]
    }
   ],
   "source": [
    "fc = FloryClassifier()\n",
    "phi_H = [0.2,0.2]\n",
    "fc.num_of_points = 6\n",
    "fc.phi_out_vector = [0.06,0.06]\n",
    "fc.update_vars()\n",
    "fc.reset_rand_chi_matrix(fc.num_comps,5)\n",
    "\n",
    "fc.get_info()\n",
    "#evolved_comps = fc.evolve_components_flory_all_phases_AND(phi_H)"
   ]
  },
  {
   "cell_type": "code",
   "execution_count": null,
   "id": "6a2427bc-fa90-4931-967e-4a7f875c6153",
   "metadata": {},
   "outputs": [],
   "source": []
  },
  {
   "cell_type": "code",
   "execution_count": null,
   "id": "087fea13-12ee-4ec2-b66e-4c433d224d12",
   "metadata": {},
   "outputs": [],
   "source": []
  },
  {
   "cell_type": "code",
   "execution_count": null,
   "id": "299ef7b2-3599-466e-beaa-eeea32aa8c67",
   "metadata": {},
   "outputs": [],
   "source": [
    "AND_phase_space_chi_5 = fc.generate_data_plane(6,6,[0.02,0.24],[0.02,0.24],AND_flag = True)"
   ]
  },
  {
   "cell_type": "code",
   "execution_count": 1131,
   "id": "d16dc8cc-812c-4760-b44e-68838a4ec5d9",
   "metadata": {},
   "outputs": [
    {
     "name": "stdout",
     "output_type": "stream",
     "text": [
      "Reset CHI_MATRIX: \n",
      " [[0.         5.10351605 6.88821646 6.88639915 6.74122577 5.63201222\n",
      "  0.        ]\n",
      " [5.10351605 0.         5.54320277 7.80624842 6.17629938 4.61696447\n",
      "  0.        ]\n",
      " [6.88821646 5.54320277 0.         6.18891485 7.93426055 4.97588325\n",
      "  0.        ]\n",
      " [6.88639915 7.80624842 6.18891485 0.         6.36488058 7.16676151\n",
      "  0.        ]\n",
      " [6.74122577 6.17629938 7.93426055 6.36488058 0.         6.98502736\n",
      "  0.        ]\n",
      " [5.63201222 4.61696447 4.97588325 7.16676151 6.98502736 0.\n",
      "  0.        ]\n",
      " [0.         0.         0.         0.         0.         0.\n",
      "  0.        ]]\n",
      "[[0.02  0.02  0.02  0.02  0.06  0.06  0.8  ]\n",
      " [0.056 0.02  0.02  0.02  0.06  0.06  0.764]\n",
      " [0.092 0.02  0.02  0.02  0.06  0.06  0.728]\n",
      " [0.128 0.02  0.02  0.02  0.06  0.06  0.692]\n",
      " [0.164 0.02  0.02  0.02  0.06  0.06  0.656]\n",
      " [0.2   0.02  0.02  0.02  0.06  0.06  0.62 ]\n",
      " [0.02  0.056 0.02  0.02  0.06  0.06  0.764]\n",
      " [0.056 0.056 0.02  0.02  0.06  0.06  0.728]\n",
      " [0.092 0.056 0.02  0.02  0.06  0.06  0.692]\n",
      " [0.128 0.056 0.02  0.02  0.06  0.06  0.656]\n",
      " [0.164 0.056 0.02  0.02  0.06  0.06  0.62 ]\n",
      " [0.2   0.056 0.02  0.02  0.06  0.06  0.584]\n",
      " [0.02  0.092 0.02  0.02  0.06  0.06  0.728]\n",
      " [0.056 0.092 0.02  0.02  0.06  0.06  0.692]\n",
      " [0.092 0.092 0.02  0.02  0.06  0.06  0.656]\n",
      " [0.128 0.092 0.02  0.02  0.06  0.06  0.62 ]\n",
      " [0.164 0.092 0.02  0.02  0.06  0.06  0.584]\n",
      " [0.2   0.092 0.02  0.02  0.06  0.06  0.548]\n",
      " [0.02  0.128 0.02  0.02  0.06  0.06  0.692]\n",
      " [0.056 0.128 0.02  0.02  0.06  0.06  0.656]\n",
      " [0.092 0.128 0.02  0.02  0.06  0.06  0.62 ]\n",
      " [0.128 0.128 0.02  0.02  0.06  0.06  0.584]\n",
      " [0.164 0.128 0.02  0.02  0.06  0.06  0.548]\n",
      " [0.2   0.128 0.02  0.02  0.06  0.06  0.512]\n",
      " [0.02  0.164 0.02  0.02  0.06  0.06  0.656]\n",
      " [0.056 0.164 0.02  0.02  0.06  0.06  0.62 ]\n",
      " [0.092 0.164 0.02  0.02  0.06  0.06  0.584]\n",
      " [0.128 0.164 0.02  0.02  0.06  0.06  0.548]\n",
      " [0.164 0.164 0.02  0.02  0.06  0.06  0.512]\n",
      " [0.2   0.164 0.02  0.02  0.06  0.06  0.476]\n",
      " [0.02  0.2   0.02  0.02  0.06  0.06  0.62 ]\n",
      " [0.056 0.2   0.02  0.02  0.06  0.06  0.584]\n",
      " [0.092 0.2   0.02  0.02  0.06  0.06  0.548]\n",
      " [0.128 0.2   0.02  0.02  0.06  0.06  0.512]\n",
      " [0.164 0.2   0.02  0.02  0.06  0.06  0.476]\n",
      " [0.2   0.2   0.02  0.02  0.06  0.06  0.44 ]]\n"
     ]
    },
    {
     "name": "stderr",
     "output_type": "stream",
     "text": [
      "100%|███████████████████████████████████████████| 36/36 [00:32<00:00,  1.09it/s]\n"
     ]
    },
    {
     "name": "stdout",
     "output_type": "stream",
     "text": [
      "[[0.02  0.02  0.02  0.064 0.06  0.06  0.756]\n",
      " [0.056 0.02  0.02  0.064 0.06  0.06  0.72 ]\n",
      " [0.092 0.02  0.02  0.064 0.06  0.06  0.684]\n",
      " [0.128 0.02  0.02  0.064 0.06  0.06  0.648]\n",
      " [0.164 0.02  0.02  0.064 0.06  0.06  0.612]\n",
      " [0.2   0.02  0.02  0.064 0.06  0.06  0.576]\n",
      " [0.02  0.056 0.02  0.064 0.06  0.06  0.72 ]\n",
      " [0.056 0.056 0.02  0.064 0.06  0.06  0.684]\n",
      " [0.092 0.056 0.02  0.064 0.06  0.06  0.648]\n",
      " [0.128 0.056 0.02  0.064 0.06  0.06  0.612]\n",
      " [0.164 0.056 0.02  0.064 0.06  0.06  0.576]\n",
      " [0.2   0.056 0.02  0.064 0.06  0.06  0.54 ]\n",
      " [0.02  0.092 0.02  0.064 0.06  0.06  0.684]\n",
      " [0.056 0.092 0.02  0.064 0.06  0.06  0.648]\n",
      " [0.092 0.092 0.02  0.064 0.06  0.06  0.612]\n",
      " [0.128 0.092 0.02  0.064 0.06  0.06  0.576]\n",
      " [0.164 0.092 0.02  0.064 0.06  0.06  0.54 ]\n",
      " [0.2   0.092 0.02  0.064 0.06  0.06  0.504]\n",
      " [0.02  0.128 0.02  0.064 0.06  0.06  0.648]\n",
      " [0.056 0.128 0.02  0.064 0.06  0.06  0.612]\n",
      " [0.092 0.128 0.02  0.064 0.06  0.06  0.576]\n",
      " [0.128 0.128 0.02  0.064 0.06  0.06  0.54 ]\n",
      " [0.164 0.128 0.02  0.064 0.06  0.06  0.504]\n",
      " [0.2   0.128 0.02  0.064 0.06  0.06  0.468]\n",
      " [0.02  0.164 0.02  0.064 0.06  0.06  0.612]\n",
      " [0.056 0.164 0.02  0.064 0.06  0.06  0.576]\n",
      " [0.092 0.164 0.02  0.064 0.06  0.06  0.54 ]\n",
      " [0.128 0.164 0.02  0.064 0.06  0.06  0.504]\n",
      " [0.164 0.164 0.02  0.064 0.06  0.06  0.468]\n",
      " [0.2   0.164 0.02  0.064 0.06  0.06  0.432]\n",
      " [0.02  0.2   0.02  0.064 0.06  0.06  0.576]\n",
      " [0.056 0.2   0.02  0.064 0.06  0.06  0.54 ]\n",
      " [0.092 0.2   0.02  0.064 0.06  0.06  0.504]\n",
      " [0.128 0.2   0.02  0.064 0.06  0.06  0.468]\n",
      " [0.164 0.2   0.02  0.064 0.06  0.06  0.432]\n",
      " [0.2   0.2   0.02  0.064 0.06  0.06  0.396]]\n"
     ]
    },
    {
     "name": "stderr",
     "output_type": "stream",
     "text": [
      "100%|███████████████████████████████████████████| 36/36 [01:29<00:00,  2.48s/it]\n"
     ]
    },
    {
     "name": "stdout",
     "output_type": "stream",
     "text": [
      "[[0.02  0.02  0.02  0.108 0.06  0.06  0.712]\n",
      " [0.056 0.02  0.02  0.108 0.06  0.06  0.676]\n",
      " [0.092 0.02  0.02  0.108 0.06  0.06  0.64 ]\n",
      " [0.128 0.02  0.02  0.108 0.06  0.06  0.604]\n",
      " [0.164 0.02  0.02  0.108 0.06  0.06  0.568]\n",
      " [0.2   0.02  0.02  0.108 0.06  0.06  0.532]\n",
      " [0.02  0.056 0.02  0.108 0.06  0.06  0.676]\n",
      " [0.056 0.056 0.02  0.108 0.06  0.06  0.64 ]\n",
      " [0.092 0.056 0.02  0.108 0.06  0.06  0.604]\n",
      " [0.128 0.056 0.02  0.108 0.06  0.06  0.568]\n",
      " [0.164 0.056 0.02  0.108 0.06  0.06  0.532]\n",
      " [0.2   0.056 0.02  0.108 0.06  0.06  0.496]\n",
      " [0.02  0.092 0.02  0.108 0.06  0.06  0.64 ]\n",
      " [0.056 0.092 0.02  0.108 0.06  0.06  0.604]\n",
      " [0.092 0.092 0.02  0.108 0.06  0.06  0.568]\n",
      " [0.128 0.092 0.02  0.108 0.06  0.06  0.532]\n",
      " [0.164 0.092 0.02  0.108 0.06  0.06  0.496]\n",
      " [0.2   0.092 0.02  0.108 0.06  0.06  0.46 ]\n",
      " [0.02  0.128 0.02  0.108 0.06  0.06  0.604]\n",
      " [0.056 0.128 0.02  0.108 0.06  0.06  0.568]\n",
      " [0.092 0.128 0.02  0.108 0.06  0.06  0.532]\n",
      " [0.128 0.128 0.02  0.108 0.06  0.06  0.496]\n",
      " [0.164 0.128 0.02  0.108 0.06  0.06  0.46 ]\n",
      " [0.2   0.128 0.02  0.108 0.06  0.06  0.424]\n",
      " [0.02  0.164 0.02  0.108 0.06  0.06  0.568]\n",
      " [0.056 0.164 0.02  0.108 0.06  0.06  0.532]\n",
      " [0.092 0.164 0.02  0.108 0.06  0.06  0.496]\n",
      " [0.128 0.164 0.02  0.108 0.06  0.06  0.46 ]\n",
      " [0.164 0.164 0.02  0.108 0.06  0.06  0.424]\n",
      " [0.2   0.164 0.02  0.108 0.06  0.06  0.388]\n",
      " [0.02  0.2   0.02  0.108 0.06  0.06  0.532]\n",
      " [0.056 0.2   0.02  0.108 0.06  0.06  0.496]\n",
      " [0.092 0.2   0.02  0.108 0.06  0.06  0.46 ]\n",
      " [0.128 0.2   0.02  0.108 0.06  0.06  0.424]\n",
      " [0.164 0.2   0.02  0.108 0.06  0.06  0.388]\n",
      " [0.2   0.2   0.02  0.108 0.06  0.06  0.352]]\n"
     ]
    },
    {
     "name": "stderr",
     "output_type": "stream",
     "text": [
      "100%|███████████████████████████████████████████| 36/36 [02:42<00:00,  4.50s/it]\n"
     ]
    },
    {
     "name": "stdout",
     "output_type": "stream",
     "text": [
      "[[0.02  0.02  0.02  0.152 0.06  0.06  0.668]\n",
      " [0.056 0.02  0.02  0.152 0.06  0.06  0.632]\n",
      " [0.092 0.02  0.02  0.152 0.06  0.06  0.596]\n",
      " [0.128 0.02  0.02  0.152 0.06  0.06  0.56 ]\n",
      " [0.164 0.02  0.02  0.152 0.06  0.06  0.524]\n",
      " [0.2   0.02  0.02  0.152 0.06  0.06  0.488]\n",
      " [0.02  0.056 0.02  0.152 0.06  0.06  0.632]\n",
      " [0.056 0.056 0.02  0.152 0.06  0.06  0.596]\n",
      " [0.092 0.056 0.02  0.152 0.06  0.06  0.56 ]\n",
      " [0.128 0.056 0.02  0.152 0.06  0.06  0.524]\n",
      " [0.164 0.056 0.02  0.152 0.06  0.06  0.488]\n",
      " [0.2   0.056 0.02  0.152 0.06  0.06  0.452]\n",
      " [0.02  0.092 0.02  0.152 0.06  0.06  0.596]\n",
      " [0.056 0.092 0.02  0.152 0.06  0.06  0.56 ]\n",
      " [0.092 0.092 0.02  0.152 0.06  0.06  0.524]\n",
      " [0.128 0.092 0.02  0.152 0.06  0.06  0.488]\n",
      " [0.164 0.092 0.02  0.152 0.06  0.06  0.452]\n",
      " [0.2   0.092 0.02  0.152 0.06  0.06  0.416]\n",
      " [0.02  0.128 0.02  0.152 0.06  0.06  0.56 ]\n",
      " [0.056 0.128 0.02  0.152 0.06  0.06  0.524]\n",
      " [0.092 0.128 0.02  0.152 0.06  0.06  0.488]\n",
      " [0.128 0.128 0.02  0.152 0.06  0.06  0.452]\n",
      " [0.164 0.128 0.02  0.152 0.06  0.06  0.416]\n",
      " [0.2   0.128 0.02  0.152 0.06  0.06  0.38 ]\n",
      " [0.02  0.164 0.02  0.152 0.06  0.06  0.524]\n",
      " [0.056 0.164 0.02  0.152 0.06  0.06  0.488]\n",
      " [0.092 0.164 0.02  0.152 0.06  0.06  0.452]\n",
      " [0.128 0.164 0.02  0.152 0.06  0.06  0.416]\n",
      " [0.164 0.164 0.02  0.152 0.06  0.06  0.38 ]\n",
      " [0.2   0.164 0.02  0.152 0.06  0.06  0.344]\n",
      " [0.02  0.2   0.02  0.152 0.06  0.06  0.488]\n",
      " [0.056 0.2   0.02  0.152 0.06  0.06  0.452]\n",
      " [0.092 0.2   0.02  0.152 0.06  0.06  0.416]\n",
      " [0.128 0.2   0.02  0.152 0.06  0.06  0.38 ]\n",
      " [0.164 0.2   0.02  0.152 0.06  0.06  0.344]\n",
      " [0.2   0.2   0.02  0.152 0.06  0.06  0.308]]\n"
     ]
    },
    {
     "name": "stderr",
     "output_type": "stream",
     "text": [
      "100%|███████████████████████████████████████████| 36/36 [03:37<00:00,  6.04s/it]\n"
     ]
    },
    {
     "name": "stdout",
     "output_type": "stream",
     "text": [
      "[[0.02  0.02  0.02  0.196 0.06  0.06  0.624]\n",
      " [0.056 0.02  0.02  0.196 0.06  0.06  0.588]\n",
      " [0.092 0.02  0.02  0.196 0.06  0.06  0.552]\n",
      " [0.128 0.02  0.02  0.196 0.06  0.06  0.516]\n",
      " [0.164 0.02  0.02  0.196 0.06  0.06  0.48 ]\n",
      " [0.2   0.02  0.02  0.196 0.06  0.06  0.444]\n",
      " [0.02  0.056 0.02  0.196 0.06  0.06  0.588]\n",
      " [0.056 0.056 0.02  0.196 0.06  0.06  0.552]\n",
      " [0.092 0.056 0.02  0.196 0.06  0.06  0.516]\n",
      " [0.128 0.056 0.02  0.196 0.06  0.06  0.48 ]\n",
      " [0.164 0.056 0.02  0.196 0.06  0.06  0.444]\n",
      " [0.2   0.056 0.02  0.196 0.06  0.06  0.408]\n",
      " [0.02  0.092 0.02  0.196 0.06  0.06  0.552]\n",
      " [0.056 0.092 0.02  0.196 0.06  0.06  0.516]\n",
      " [0.092 0.092 0.02  0.196 0.06  0.06  0.48 ]\n",
      " [0.128 0.092 0.02  0.196 0.06  0.06  0.444]\n",
      " [0.164 0.092 0.02  0.196 0.06  0.06  0.408]\n",
      " [0.2   0.092 0.02  0.196 0.06  0.06  0.372]\n",
      " [0.02  0.128 0.02  0.196 0.06  0.06  0.516]\n",
      " [0.056 0.128 0.02  0.196 0.06  0.06  0.48 ]\n",
      " [0.092 0.128 0.02  0.196 0.06  0.06  0.444]\n",
      " [0.128 0.128 0.02  0.196 0.06  0.06  0.408]\n",
      " [0.164 0.128 0.02  0.196 0.06  0.06  0.372]\n",
      " [0.2   0.128 0.02  0.196 0.06  0.06  0.336]\n",
      " [0.02  0.164 0.02  0.196 0.06  0.06  0.48 ]\n",
      " [0.056 0.164 0.02  0.196 0.06  0.06  0.444]\n",
      " [0.092 0.164 0.02  0.196 0.06  0.06  0.408]\n",
      " [0.128 0.164 0.02  0.196 0.06  0.06  0.372]\n",
      " [0.164 0.164 0.02  0.196 0.06  0.06  0.336]\n",
      " [0.2   0.164 0.02  0.196 0.06  0.06  0.3  ]\n",
      " [0.02  0.2   0.02  0.196 0.06  0.06  0.444]\n",
      " [0.056 0.2   0.02  0.196 0.06  0.06  0.408]\n",
      " [0.092 0.2   0.02  0.196 0.06  0.06  0.372]\n",
      " [0.128 0.2   0.02  0.196 0.06  0.06  0.336]\n",
      " [0.164 0.2   0.02  0.196 0.06  0.06  0.3  ]\n",
      " [0.2   0.2   0.02  0.196 0.06  0.06  0.264]]\n"
     ]
    },
    {
     "name": "stderr",
     "output_type": "stream",
     "text": [
      "100%|███████████████████████████████████████████| 36/36 [03:38<00:00,  6.06s/it]\n"
     ]
    },
    {
     "name": "stdout",
     "output_type": "stream",
     "text": [
      "[[0.02  0.02  0.02  0.24  0.06  0.06  0.58 ]\n",
      " [0.056 0.02  0.02  0.24  0.06  0.06  0.544]\n",
      " [0.092 0.02  0.02  0.24  0.06  0.06  0.508]\n",
      " [0.128 0.02  0.02  0.24  0.06  0.06  0.472]\n",
      " [0.164 0.02  0.02  0.24  0.06  0.06  0.436]\n",
      " [0.2   0.02  0.02  0.24  0.06  0.06  0.4  ]\n",
      " [0.02  0.056 0.02  0.24  0.06  0.06  0.544]\n",
      " [0.056 0.056 0.02  0.24  0.06  0.06  0.508]\n",
      " [0.092 0.056 0.02  0.24  0.06  0.06  0.472]\n",
      " [0.128 0.056 0.02  0.24  0.06  0.06  0.436]\n",
      " [0.164 0.056 0.02  0.24  0.06  0.06  0.4  ]\n",
      " [0.2   0.056 0.02  0.24  0.06  0.06  0.364]\n",
      " [0.02  0.092 0.02  0.24  0.06  0.06  0.508]\n",
      " [0.056 0.092 0.02  0.24  0.06  0.06  0.472]\n",
      " [0.092 0.092 0.02  0.24  0.06  0.06  0.436]\n",
      " [0.128 0.092 0.02  0.24  0.06  0.06  0.4  ]\n",
      " [0.164 0.092 0.02  0.24  0.06  0.06  0.364]\n",
      " [0.2   0.092 0.02  0.24  0.06  0.06  0.328]\n",
      " [0.02  0.128 0.02  0.24  0.06  0.06  0.472]\n",
      " [0.056 0.128 0.02  0.24  0.06  0.06  0.436]\n",
      " [0.092 0.128 0.02  0.24  0.06  0.06  0.4  ]\n",
      " [0.128 0.128 0.02  0.24  0.06  0.06  0.364]\n",
      " [0.164 0.128 0.02  0.24  0.06  0.06  0.328]\n",
      " [0.2   0.128 0.02  0.24  0.06  0.06  0.292]\n",
      " [0.02  0.164 0.02  0.24  0.06  0.06  0.436]\n",
      " [0.056 0.164 0.02  0.24  0.06  0.06  0.4  ]\n",
      " [0.092 0.164 0.02  0.24  0.06  0.06  0.364]\n",
      " [0.128 0.164 0.02  0.24  0.06  0.06  0.328]\n",
      " [0.164 0.164 0.02  0.24  0.06  0.06  0.292]\n",
      " [0.2   0.164 0.02  0.24  0.06  0.06  0.256]\n",
      " [0.02  0.2   0.02  0.24  0.06  0.06  0.4  ]\n",
      " [0.056 0.2   0.02  0.24  0.06  0.06  0.364]\n",
      " [0.092 0.2   0.02  0.24  0.06  0.06  0.328]\n",
      " [0.128 0.2   0.02  0.24  0.06  0.06  0.292]\n",
      " [0.164 0.2   0.02  0.24  0.06  0.06  0.256]\n",
      " [0.2   0.2   0.02  0.24  0.06  0.06  0.22 ]]\n"
     ]
    },
    {
     "name": "stderr",
     "output_type": "stream",
     "text": [
      "100%|███████████████████████████████████████████| 36/36 [03:50<00:00,  6.39s/it]\n"
     ]
    },
    {
     "name": "stdout",
     "output_type": "stream",
     "text": [
      "[[0.02  0.02  0.064 0.02  0.06  0.06  0.756]\n",
      " [0.056 0.02  0.064 0.02  0.06  0.06  0.72 ]\n",
      " [0.092 0.02  0.064 0.02  0.06  0.06  0.684]\n",
      " [0.128 0.02  0.064 0.02  0.06  0.06  0.648]\n",
      " [0.164 0.02  0.064 0.02  0.06  0.06  0.612]\n",
      " [0.2   0.02  0.064 0.02  0.06  0.06  0.576]\n",
      " [0.02  0.056 0.064 0.02  0.06  0.06  0.72 ]\n",
      " [0.056 0.056 0.064 0.02  0.06  0.06  0.684]\n",
      " [0.092 0.056 0.064 0.02  0.06  0.06  0.648]\n",
      " [0.128 0.056 0.064 0.02  0.06  0.06  0.612]\n",
      " [0.164 0.056 0.064 0.02  0.06  0.06  0.576]\n",
      " [0.2   0.056 0.064 0.02  0.06  0.06  0.54 ]\n",
      " [0.02  0.092 0.064 0.02  0.06  0.06  0.684]\n",
      " [0.056 0.092 0.064 0.02  0.06  0.06  0.648]\n",
      " [0.092 0.092 0.064 0.02  0.06  0.06  0.612]\n",
      " [0.128 0.092 0.064 0.02  0.06  0.06  0.576]\n",
      " [0.164 0.092 0.064 0.02  0.06  0.06  0.54 ]\n",
      " [0.2   0.092 0.064 0.02  0.06  0.06  0.504]\n",
      " [0.02  0.128 0.064 0.02  0.06  0.06  0.648]\n",
      " [0.056 0.128 0.064 0.02  0.06  0.06  0.612]\n",
      " [0.092 0.128 0.064 0.02  0.06  0.06  0.576]\n",
      " [0.128 0.128 0.064 0.02  0.06  0.06  0.54 ]\n",
      " [0.164 0.128 0.064 0.02  0.06  0.06  0.504]\n",
      " [0.2   0.128 0.064 0.02  0.06  0.06  0.468]\n",
      " [0.02  0.164 0.064 0.02  0.06  0.06  0.612]\n",
      " [0.056 0.164 0.064 0.02  0.06  0.06  0.576]\n",
      " [0.092 0.164 0.064 0.02  0.06  0.06  0.54 ]\n",
      " [0.128 0.164 0.064 0.02  0.06  0.06  0.504]\n",
      " [0.164 0.164 0.064 0.02  0.06  0.06  0.468]\n",
      " [0.2   0.164 0.064 0.02  0.06  0.06  0.432]\n",
      " [0.02  0.2   0.064 0.02  0.06  0.06  0.576]\n",
      " [0.056 0.2   0.064 0.02  0.06  0.06  0.54 ]\n",
      " [0.092 0.2   0.064 0.02  0.06  0.06  0.504]\n",
      " [0.128 0.2   0.064 0.02  0.06  0.06  0.468]\n",
      " [0.164 0.2   0.064 0.02  0.06  0.06  0.432]\n",
      " [0.2   0.2   0.064 0.02  0.06  0.06  0.396]]\n"
     ]
    },
    {
     "name": "stderr",
     "output_type": "stream",
     "text": [
      "100%|███████████████████████████████████████████| 36/36 [01:00<00:00,  1.69s/it]\n"
     ]
    },
    {
     "name": "stdout",
     "output_type": "stream",
     "text": [
      "[[0.02  0.02  0.064 0.064 0.06  0.06  0.712]\n",
      " [0.056 0.02  0.064 0.064 0.06  0.06  0.676]\n",
      " [0.092 0.02  0.064 0.064 0.06  0.06  0.64 ]\n",
      " [0.128 0.02  0.064 0.064 0.06  0.06  0.604]\n",
      " [0.164 0.02  0.064 0.064 0.06  0.06  0.568]\n",
      " [0.2   0.02  0.064 0.064 0.06  0.06  0.532]\n",
      " [0.02  0.056 0.064 0.064 0.06  0.06  0.676]\n",
      " [0.056 0.056 0.064 0.064 0.06  0.06  0.64 ]\n",
      " [0.092 0.056 0.064 0.064 0.06  0.06  0.604]\n",
      " [0.128 0.056 0.064 0.064 0.06  0.06  0.568]\n",
      " [0.164 0.056 0.064 0.064 0.06  0.06  0.532]\n",
      " [0.2   0.056 0.064 0.064 0.06  0.06  0.496]\n",
      " [0.02  0.092 0.064 0.064 0.06  0.06  0.64 ]\n",
      " [0.056 0.092 0.064 0.064 0.06  0.06  0.604]\n",
      " [0.092 0.092 0.064 0.064 0.06  0.06  0.568]\n",
      " [0.128 0.092 0.064 0.064 0.06  0.06  0.532]\n",
      " [0.164 0.092 0.064 0.064 0.06  0.06  0.496]\n",
      " [0.2   0.092 0.064 0.064 0.06  0.06  0.46 ]\n",
      " [0.02  0.128 0.064 0.064 0.06  0.06  0.604]\n",
      " [0.056 0.128 0.064 0.064 0.06  0.06  0.568]\n",
      " [0.092 0.128 0.064 0.064 0.06  0.06  0.532]\n",
      " [0.128 0.128 0.064 0.064 0.06  0.06  0.496]\n",
      " [0.164 0.128 0.064 0.064 0.06  0.06  0.46 ]\n",
      " [0.2   0.128 0.064 0.064 0.06  0.06  0.424]\n",
      " [0.02  0.164 0.064 0.064 0.06  0.06  0.568]\n",
      " [0.056 0.164 0.064 0.064 0.06  0.06  0.532]\n",
      " [0.092 0.164 0.064 0.064 0.06  0.06  0.496]\n",
      " [0.128 0.164 0.064 0.064 0.06  0.06  0.46 ]\n",
      " [0.164 0.164 0.064 0.064 0.06  0.06  0.424]\n",
      " [0.2   0.164 0.064 0.064 0.06  0.06  0.388]\n",
      " [0.02  0.2   0.064 0.064 0.06  0.06  0.532]\n",
      " [0.056 0.2   0.064 0.064 0.06  0.06  0.496]\n",
      " [0.092 0.2   0.064 0.064 0.06  0.06  0.46 ]\n",
      " [0.128 0.2   0.064 0.064 0.06  0.06  0.424]\n",
      " [0.164 0.2   0.064 0.064 0.06  0.06  0.388]\n",
      " [0.2   0.2   0.064 0.064 0.06  0.06  0.352]]\n"
     ]
    },
    {
     "name": "stderr",
     "output_type": "stream",
     "text": [
      "100%|███████████████████████████████████████████| 36/36 [02:01<00:00,  3.39s/it]\n"
     ]
    },
    {
     "name": "stdout",
     "output_type": "stream",
     "text": [
      "[[0.02  0.02  0.064 0.108 0.06  0.06  0.668]\n",
      " [0.056 0.02  0.064 0.108 0.06  0.06  0.632]\n",
      " [0.092 0.02  0.064 0.108 0.06  0.06  0.596]\n",
      " [0.128 0.02  0.064 0.108 0.06  0.06  0.56 ]\n",
      " [0.164 0.02  0.064 0.108 0.06  0.06  0.524]\n",
      " [0.2   0.02  0.064 0.108 0.06  0.06  0.488]\n",
      " [0.02  0.056 0.064 0.108 0.06  0.06  0.632]\n",
      " [0.056 0.056 0.064 0.108 0.06  0.06  0.596]\n",
      " [0.092 0.056 0.064 0.108 0.06  0.06  0.56 ]\n",
      " [0.128 0.056 0.064 0.108 0.06  0.06  0.524]\n",
      " [0.164 0.056 0.064 0.108 0.06  0.06  0.488]\n",
      " [0.2   0.056 0.064 0.108 0.06  0.06  0.452]\n",
      " [0.02  0.092 0.064 0.108 0.06  0.06  0.596]\n",
      " [0.056 0.092 0.064 0.108 0.06  0.06  0.56 ]\n",
      " [0.092 0.092 0.064 0.108 0.06  0.06  0.524]\n",
      " [0.128 0.092 0.064 0.108 0.06  0.06  0.488]\n",
      " [0.164 0.092 0.064 0.108 0.06  0.06  0.452]\n",
      " [0.2   0.092 0.064 0.108 0.06  0.06  0.416]\n",
      " [0.02  0.128 0.064 0.108 0.06  0.06  0.56 ]\n",
      " [0.056 0.128 0.064 0.108 0.06  0.06  0.524]\n",
      " [0.092 0.128 0.064 0.108 0.06  0.06  0.488]\n",
      " [0.128 0.128 0.064 0.108 0.06  0.06  0.452]\n",
      " [0.164 0.128 0.064 0.108 0.06  0.06  0.416]\n",
      " [0.2   0.128 0.064 0.108 0.06  0.06  0.38 ]\n",
      " [0.02  0.164 0.064 0.108 0.06  0.06  0.524]\n",
      " [0.056 0.164 0.064 0.108 0.06  0.06  0.488]\n",
      " [0.092 0.164 0.064 0.108 0.06  0.06  0.452]\n",
      " [0.128 0.164 0.064 0.108 0.06  0.06  0.416]\n",
      " [0.164 0.164 0.064 0.108 0.06  0.06  0.38 ]\n",
      " [0.2   0.164 0.064 0.108 0.06  0.06  0.344]\n",
      " [0.02  0.2   0.064 0.108 0.06  0.06  0.488]\n",
      " [0.056 0.2   0.064 0.108 0.06  0.06  0.452]\n",
      " [0.092 0.2   0.064 0.108 0.06  0.06  0.416]\n",
      " [0.128 0.2   0.064 0.108 0.06  0.06  0.38 ]\n",
      " [0.164 0.2   0.064 0.108 0.06  0.06  0.344]\n",
      " [0.2   0.2   0.064 0.108 0.06  0.06  0.308]]\n"
     ]
    },
    {
     "name": "stderr",
     "output_type": "stream",
     "text": [
      "100%|███████████████████████████████████████████| 36/36 [03:04<00:00,  5.12s/it]\n"
     ]
    },
    {
     "name": "stdout",
     "output_type": "stream",
     "text": [
      "[[0.02  0.02  0.064 0.152 0.06  0.06  0.624]\n",
      " [0.056 0.02  0.064 0.152 0.06  0.06  0.588]\n",
      " [0.092 0.02  0.064 0.152 0.06  0.06  0.552]\n",
      " [0.128 0.02  0.064 0.152 0.06  0.06  0.516]\n",
      " [0.164 0.02  0.064 0.152 0.06  0.06  0.48 ]\n",
      " [0.2   0.02  0.064 0.152 0.06  0.06  0.444]\n",
      " [0.02  0.056 0.064 0.152 0.06  0.06  0.588]\n",
      " [0.056 0.056 0.064 0.152 0.06  0.06  0.552]\n",
      " [0.092 0.056 0.064 0.152 0.06  0.06  0.516]\n",
      " [0.128 0.056 0.064 0.152 0.06  0.06  0.48 ]\n",
      " [0.164 0.056 0.064 0.152 0.06  0.06  0.444]\n",
      " [0.2   0.056 0.064 0.152 0.06  0.06  0.408]\n",
      " [0.02  0.092 0.064 0.152 0.06  0.06  0.552]\n",
      " [0.056 0.092 0.064 0.152 0.06  0.06  0.516]\n",
      " [0.092 0.092 0.064 0.152 0.06  0.06  0.48 ]\n",
      " [0.128 0.092 0.064 0.152 0.06  0.06  0.444]\n",
      " [0.164 0.092 0.064 0.152 0.06  0.06  0.408]\n",
      " [0.2   0.092 0.064 0.152 0.06  0.06  0.372]\n",
      " [0.02  0.128 0.064 0.152 0.06  0.06  0.516]\n",
      " [0.056 0.128 0.064 0.152 0.06  0.06  0.48 ]\n",
      " [0.092 0.128 0.064 0.152 0.06  0.06  0.444]\n",
      " [0.128 0.128 0.064 0.152 0.06  0.06  0.408]\n",
      " [0.164 0.128 0.064 0.152 0.06  0.06  0.372]\n",
      " [0.2   0.128 0.064 0.152 0.06  0.06  0.336]\n",
      " [0.02  0.164 0.064 0.152 0.06  0.06  0.48 ]\n",
      " [0.056 0.164 0.064 0.152 0.06  0.06  0.444]\n",
      " [0.092 0.164 0.064 0.152 0.06  0.06  0.408]\n",
      " [0.128 0.164 0.064 0.152 0.06  0.06  0.372]\n",
      " [0.164 0.164 0.064 0.152 0.06  0.06  0.336]\n",
      " [0.2   0.164 0.064 0.152 0.06  0.06  0.3  ]\n",
      " [0.02  0.2   0.064 0.152 0.06  0.06  0.444]\n",
      " [0.056 0.2   0.064 0.152 0.06  0.06  0.408]\n",
      " [0.092 0.2   0.064 0.152 0.06  0.06  0.372]\n",
      " [0.128 0.2   0.064 0.152 0.06  0.06  0.336]\n",
      " [0.164 0.2   0.064 0.152 0.06  0.06  0.3  ]\n",
      " [0.2   0.2   0.064 0.152 0.06  0.06  0.264]]\n"
     ]
    },
    {
     "name": "stderr",
     "output_type": "stream",
     "text": [
      "100%|███████████████████████████████████████████| 36/36 [03:45<00:00,  6.27s/it]\n"
     ]
    },
    {
     "name": "stdout",
     "output_type": "stream",
     "text": [
      "[[0.02  0.02  0.064 0.196 0.06  0.06  0.58 ]\n",
      " [0.056 0.02  0.064 0.196 0.06  0.06  0.544]\n",
      " [0.092 0.02  0.064 0.196 0.06  0.06  0.508]\n",
      " [0.128 0.02  0.064 0.196 0.06  0.06  0.472]\n",
      " [0.164 0.02  0.064 0.196 0.06  0.06  0.436]\n",
      " [0.2   0.02  0.064 0.196 0.06  0.06  0.4  ]\n",
      " [0.02  0.056 0.064 0.196 0.06  0.06  0.544]\n",
      " [0.056 0.056 0.064 0.196 0.06  0.06  0.508]\n",
      " [0.092 0.056 0.064 0.196 0.06  0.06  0.472]\n",
      " [0.128 0.056 0.064 0.196 0.06  0.06  0.436]\n",
      " [0.164 0.056 0.064 0.196 0.06  0.06  0.4  ]\n",
      " [0.2   0.056 0.064 0.196 0.06  0.06  0.364]\n",
      " [0.02  0.092 0.064 0.196 0.06  0.06  0.508]\n",
      " [0.056 0.092 0.064 0.196 0.06  0.06  0.472]\n",
      " [0.092 0.092 0.064 0.196 0.06  0.06  0.436]\n",
      " [0.128 0.092 0.064 0.196 0.06  0.06  0.4  ]\n",
      " [0.164 0.092 0.064 0.196 0.06  0.06  0.364]\n",
      " [0.2   0.092 0.064 0.196 0.06  0.06  0.328]\n",
      " [0.02  0.128 0.064 0.196 0.06  0.06  0.472]\n",
      " [0.056 0.128 0.064 0.196 0.06  0.06  0.436]\n",
      " [0.092 0.128 0.064 0.196 0.06  0.06  0.4  ]\n",
      " [0.128 0.128 0.064 0.196 0.06  0.06  0.364]\n",
      " [0.164 0.128 0.064 0.196 0.06  0.06  0.328]\n",
      " [0.2   0.128 0.064 0.196 0.06  0.06  0.292]\n",
      " [0.02  0.164 0.064 0.196 0.06  0.06  0.436]\n",
      " [0.056 0.164 0.064 0.196 0.06  0.06  0.4  ]\n",
      " [0.092 0.164 0.064 0.196 0.06  0.06  0.364]\n",
      " [0.128 0.164 0.064 0.196 0.06  0.06  0.328]\n",
      " [0.164 0.164 0.064 0.196 0.06  0.06  0.292]\n",
      " [0.2   0.164 0.064 0.196 0.06  0.06  0.256]\n",
      " [0.02  0.2   0.064 0.196 0.06  0.06  0.4  ]\n",
      " [0.056 0.2   0.064 0.196 0.06  0.06  0.364]\n",
      " [0.092 0.2   0.064 0.196 0.06  0.06  0.328]\n",
      " [0.128 0.2   0.064 0.196 0.06  0.06  0.292]\n",
      " [0.164 0.2   0.064 0.196 0.06  0.06  0.256]\n",
      " [0.2   0.2   0.064 0.196 0.06  0.06  0.22 ]]\n"
     ]
    },
    {
     "name": "stderr",
     "output_type": "stream",
     "text": [
      "100%|███████████████████████████████████████████| 36/36 [03:57<00:00,  6.61s/it]\n"
     ]
    },
    {
     "name": "stdout",
     "output_type": "stream",
     "text": [
      "[[0.02  0.02  0.064 0.24  0.06  0.06  0.536]\n",
      " [0.056 0.02  0.064 0.24  0.06  0.06  0.5  ]\n",
      " [0.092 0.02  0.064 0.24  0.06  0.06  0.464]\n",
      " [0.128 0.02  0.064 0.24  0.06  0.06  0.428]\n",
      " [0.164 0.02  0.064 0.24  0.06  0.06  0.392]\n",
      " [0.2   0.02  0.064 0.24  0.06  0.06  0.356]\n",
      " [0.02  0.056 0.064 0.24  0.06  0.06  0.5  ]\n",
      " [0.056 0.056 0.064 0.24  0.06  0.06  0.464]\n",
      " [0.092 0.056 0.064 0.24  0.06  0.06  0.428]\n",
      " [0.128 0.056 0.064 0.24  0.06  0.06  0.392]\n",
      " [0.164 0.056 0.064 0.24  0.06  0.06  0.356]\n",
      " [0.2   0.056 0.064 0.24  0.06  0.06  0.32 ]\n",
      " [0.02  0.092 0.064 0.24  0.06  0.06  0.464]\n",
      " [0.056 0.092 0.064 0.24  0.06  0.06  0.428]\n",
      " [0.092 0.092 0.064 0.24  0.06  0.06  0.392]\n",
      " [0.128 0.092 0.064 0.24  0.06  0.06  0.356]\n",
      " [0.164 0.092 0.064 0.24  0.06  0.06  0.32 ]\n",
      " [0.2   0.092 0.064 0.24  0.06  0.06  0.284]\n",
      " [0.02  0.128 0.064 0.24  0.06  0.06  0.428]\n",
      " [0.056 0.128 0.064 0.24  0.06  0.06  0.392]\n",
      " [0.092 0.128 0.064 0.24  0.06  0.06  0.356]\n",
      " [0.128 0.128 0.064 0.24  0.06  0.06  0.32 ]\n",
      " [0.164 0.128 0.064 0.24  0.06  0.06  0.284]\n",
      " [0.2   0.128 0.064 0.24  0.06  0.06  0.248]\n",
      " [0.02  0.164 0.064 0.24  0.06  0.06  0.392]\n",
      " [0.056 0.164 0.064 0.24  0.06  0.06  0.356]\n",
      " [0.092 0.164 0.064 0.24  0.06  0.06  0.32 ]\n",
      " [0.128 0.164 0.064 0.24  0.06  0.06  0.284]\n",
      " [0.164 0.164 0.064 0.24  0.06  0.06  0.248]\n",
      " [0.2   0.164 0.064 0.24  0.06  0.06  0.212]\n",
      " [0.02  0.2   0.064 0.24  0.06  0.06  0.356]\n",
      " [0.056 0.2   0.064 0.24  0.06  0.06  0.32 ]\n",
      " [0.092 0.2   0.064 0.24  0.06  0.06  0.284]\n",
      " [0.128 0.2   0.064 0.24  0.06  0.06  0.248]\n",
      " [0.164 0.2   0.064 0.24  0.06  0.06  0.212]\n",
      " [0.2   0.2   0.064 0.24  0.06  0.06  0.176]]\n"
     ]
    },
    {
     "name": "stderr",
     "output_type": "stream",
     "text": [
      "100%|███████████████████████████████████████████| 36/36 [04:15<00:00,  7.11s/it]\n"
     ]
    },
    {
     "name": "stdout",
     "output_type": "stream",
     "text": [
      "[[0.02  0.02  0.108 0.02  0.06  0.06  0.712]\n",
      " [0.056 0.02  0.108 0.02  0.06  0.06  0.676]\n",
      " [0.092 0.02  0.108 0.02  0.06  0.06  0.64 ]\n",
      " [0.128 0.02  0.108 0.02  0.06  0.06  0.604]\n",
      " [0.164 0.02  0.108 0.02  0.06  0.06  0.568]\n",
      " [0.2   0.02  0.108 0.02  0.06  0.06  0.532]\n",
      " [0.02  0.056 0.108 0.02  0.06  0.06  0.676]\n",
      " [0.056 0.056 0.108 0.02  0.06  0.06  0.64 ]\n",
      " [0.092 0.056 0.108 0.02  0.06  0.06  0.604]\n",
      " [0.128 0.056 0.108 0.02  0.06  0.06  0.568]\n",
      " [0.164 0.056 0.108 0.02  0.06  0.06  0.532]\n",
      " [0.2   0.056 0.108 0.02  0.06  0.06  0.496]\n",
      " [0.02  0.092 0.108 0.02  0.06  0.06  0.64 ]\n",
      " [0.056 0.092 0.108 0.02  0.06  0.06  0.604]\n",
      " [0.092 0.092 0.108 0.02  0.06  0.06  0.568]\n",
      " [0.128 0.092 0.108 0.02  0.06  0.06  0.532]\n",
      " [0.164 0.092 0.108 0.02  0.06  0.06  0.496]\n",
      " [0.2   0.092 0.108 0.02  0.06  0.06  0.46 ]\n",
      " [0.02  0.128 0.108 0.02  0.06  0.06  0.604]\n",
      " [0.056 0.128 0.108 0.02  0.06  0.06  0.568]\n",
      " [0.092 0.128 0.108 0.02  0.06  0.06  0.532]\n",
      " [0.128 0.128 0.108 0.02  0.06  0.06  0.496]\n",
      " [0.164 0.128 0.108 0.02  0.06  0.06  0.46 ]\n",
      " [0.2   0.128 0.108 0.02  0.06  0.06  0.424]\n",
      " [0.02  0.164 0.108 0.02  0.06  0.06  0.568]\n",
      " [0.056 0.164 0.108 0.02  0.06  0.06  0.532]\n",
      " [0.092 0.164 0.108 0.02  0.06  0.06  0.496]\n",
      " [0.128 0.164 0.108 0.02  0.06  0.06  0.46 ]\n",
      " [0.164 0.164 0.108 0.02  0.06  0.06  0.424]\n",
      " [0.2   0.164 0.108 0.02  0.06  0.06  0.388]\n",
      " [0.02  0.2   0.108 0.02  0.06  0.06  0.532]\n",
      " [0.056 0.2   0.108 0.02  0.06  0.06  0.496]\n",
      " [0.092 0.2   0.108 0.02  0.06  0.06  0.46 ]\n",
      " [0.128 0.2   0.108 0.02  0.06  0.06  0.424]\n",
      " [0.164 0.2   0.108 0.02  0.06  0.06  0.388]\n",
      " [0.2   0.2   0.108 0.02  0.06  0.06  0.352]]\n"
     ]
    },
    {
     "name": "stderr",
     "output_type": "stream",
     "text": [
      "100%|███████████████████████████████████████████| 36/36 [02:11<00:00,  3.64s/it]\n"
     ]
    },
    {
     "name": "stdout",
     "output_type": "stream",
     "text": [
      "[[0.02  0.02  0.108 0.064 0.06  0.06  0.668]\n",
      " [0.056 0.02  0.108 0.064 0.06  0.06  0.632]\n",
      " [0.092 0.02  0.108 0.064 0.06  0.06  0.596]\n",
      " [0.128 0.02  0.108 0.064 0.06  0.06  0.56 ]\n",
      " [0.164 0.02  0.108 0.064 0.06  0.06  0.524]\n",
      " [0.2   0.02  0.108 0.064 0.06  0.06  0.488]\n",
      " [0.02  0.056 0.108 0.064 0.06  0.06  0.632]\n",
      " [0.056 0.056 0.108 0.064 0.06  0.06  0.596]\n",
      " [0.092 0.056 0.108 0.064 0.06  0.06  0.56 ]\n",
      " [0.128 0.056 0.108 0.064 0.06  0.06  0.524]\n",
      " [0.164 0.056 0.108 0.064 0.06  0.06  0.488]\n",
      " [0.2   0.056 0.108 0.064 0.06  0.06  0.452]\n",
      " [0.02  0.092 0.108 0.064 0.06  0.06  0.596]\n",
      " [0.056 0.092 0.108 0.064 0.06  0.06  0.56 ]\n",
      " [0.092 0.092 0.108 0.064 0.06  0.06  0.524]\n",
      " [0.128 0.092 0.108 0.064 0.06  0.06  0.488]\n",
      " [0.164 0.092 0.108 0.064 0.06  0.06  0.452]\n",
      " [0.2   0.092 0.108 0.064 0.06  0.06  0.416]\n",
      " [0.02  0.128 0.108 0.064 0.06  0.06  0.56 ]\n",
      " [0.056 0.128 0.108 0.064 0.06  0.06  0.524]\n",
      " [0.092 0.128 0.108 0.064 0.06  0.06  0.488]\n",
      " [0.128 0.128 0.108 0.064 0.06  0.06  0.452]\n",
      " [0.164 0.128 0.108 0.064 0.06  0.06  0.416]\n",
      " [0.2   0.128 0.108 0.064 0.06  0.06  0.38 ]\n",
      " [0.02  0.164 0.108 0.064 0.06  0.06  0.524]\n",
      " [0.056 0.164 0.108 0.064 0.06  0.06  0.488]\n",
      " [0.092 0.164 0.108 0.064 0.06  0.06  0.452]\n",
      " [0.128 0.164 0.108 0.064 0.06  0.06  0.416]\n",
      " [0.164 0.164 0.108 0.064 0.06  0.06  0.38 ]\n",
      " [0.2   0.164 0.108 0.064 0.06  0.06  0.344]\n",
      " [0.02  0.2   0.108 0.064 0.06  0.06  0.488]\n",
      " [0.056 0.2   0.108 0.064 0.06  0.06  0.452]\n",
      " [0.092 0.2   0.108 0.064 0.06  0.06  0.416]\n",
      " [0.128 0.2   0.108 0.064 0.06  0.06  0.38 ]\n",
      " [0.164 0.2   0.108 0.064 0.06  0.06  0.344]\n",
      " [0.2   0.2   0.108 0.064 0.06  0.06  0.308]]\n"
     ]
    },
    {
     "name": "stderr",
     "output_type": "stream",
     "text": [
      "100%|███████████████████████████████████████████| 36/36 [02:41<00:00,  4.49s/it]\n"
     ]
    },
    {
     "name": "stdout",
     "output_type": "stream",
     "text": [
      "[[0.02  0.02  0.108 0.108 0.06  0.06  0.624]\n",
      " [0.056 0.02  0.108 0.108 0.06  0.06  0.588]\n",
      " [0.092 0.02  0.108 0.108 0.06  0.06  0.552]\n",
      " [0.128 0.02  0.108 0.108 0.06  0.06  0.516]\n",
      " [0.164 0.02  0.108 0.108 0.06  0.06  0.48 ]\n",
      " [0.2   0.02  0.108 0.108 0.06  0.06  0.444]\n",
      " [0.02  0.056 0.108 0.108 0.06  0.06  0.588]\n",
      " [0.056 0.056 0.108 0.108 0.06  0.06  0.552]\n",
      " [0.092 0.056 0.108 0.108 0.06  0.06  0.516]\n",
      " [0.128 0.056 0.108 0.108 0.06  0.06  0.48 ]\n",
      " [0.164 0.056 0.108 0.108 0.06  0.06  0.444]\n",
      " [0.2   0.056 0.108 0.108 0.06  0.06  0.408]\n",
      " [0.02  0.092 0.108 0.108 0.06  0.06  0.552]\n",
      " [0.056 0.092 0.108 0.108 0.06  0.06  0.516]\n",
      " [0.092 0.092 0.108 0.108 0.06  0.06  0.48 ]\n",
      " [0.128 0.092 0.108 0.108 0.06  0.06  0.444]\n",
      " [0.164 0.092 0.108 0.108 0.06  0.06  0.408]\n",
      " [0.2   0.092 0.108 0.108 0.06  0.06  0.372]\n",
      " [0.02  0.128 0.108 0.108 0.06  0.06  0.516]\n",
      " [0.056 0.128 0.108 0.108 0.06  0.06  0.48 ]\n",
      " [0.092 0.128 0.108 0.108 0.06  0.06  0.444]\n",
      " [0.128 0.128 0.108 0.108 0.06  0.06  0.408]\n",
      " [0.164 0.128 0.108 0.108 0.06  0.06  0.372]\n",
      " [0.2   0.128 0.108 0.108 0.06  0.06  0.336]\n",
      " [0.02  0.164 0.108 0.108 0.06  0.06  0.48 ]\n",
      " [0.056 0.164 0.108 0.108 0.06  0.06  0.444]\n",
      " [0.092 0.164 0.108 0.108 0.06  0.06  0.408]\n",
      " [0.128 0.164 0.108 0.108 0.06  0.06  0.372]\n",
      " [0.164 0.164 0.108 0.108 0.06  0.06  0.336]\n",
      " [0.2   0.164 0.108 0.108 0.06  0.06  0.3  ]\n",
      " [0.02  0.2   0.108 0.108 0.06  0.06  0.444]\n",
